transaction_id,account_number,transaction_date,transaction_time,transaction_type,amount_gbp
TXN0001,66306997,2026-01-21,15:41:36,withdrawal,142.19
TXN0002,28728463,2026-02-13,09:51:38,deposit,192.75
TXN0003,66629388,2026-02-14,18:59:25,withdrawal,404.43
TXN0004,83140807,2026-02-28,17:45:42,deposit,486.68
TXN0005,14265799,2026-01-11,18:02:58,withdrawal,415.47
TXN0006,13561597,2026-02-16,18:30:37,deposit,353.62
TXN0007,NaN,2026-03-26,12:08:55,withdrawal,492.68
TXN0008,89089901,2026-01-30,09:50:19,withdrawal,142.24
TXN0009,85329037,2026-02-16,10:57:39,withdrawal,180.54
TXN0010,36687537,2026-02-04,09:17:59,deposit,269.17
TXN0011,23756669,2026-01-21,16:24:54,withdrawal,138.26
TXN0012,10872248,2026-03-23,18:08:20,deposit,343.73
TXN0013,70291817,2026-01-08,12:10:10,deposit,403.40
TXN0014,14265799,2026-02-04,09:12:17,deposit,456.96
TXN0015,90801586,2026-02-10,11:52:14,withdrawal,200.54
TXN0016,10872248,2026-03-24,16:21:11,deposit,135.75
TXN0017,23756669,2026-03-13,17:48:42,withdrawal,374.65
TXN0018,13999315,2026-03-16,15:16:15,withdrawal,113.17
TXN0019,42868828,2026-03-07,16:59:03,deposit,378.99
TXN0020,89089901,2026-01-15,10:46:56,deposit,396.98
TXN0021,13999315,2026-03-18,09:09:23,withdrawal,193.59
TXN0022,22575562,2026-03-09,12:34:36,deposit,341.58
TXN0023,46913810,2026-03-29,17:46:30,withdrawal,385.34
TXN0024,89254563,2026-01-15,13:20:34,withdrawal,82.87
TXN0025,95822412,2026-02-03,17:06:46,deposit,256.06
TXN0026,46913810,2026-03-22,13:25:58,deposit,80.23
TXN0027,66306997,2026-01-21,17:49:08,deposit,301.28
TXN0028,39345092,2026-01-03,10:02:11,withdrawal,439.91
TXN0029,70291817,2026-02-09,12:21:32,deposit,123.85
TXN0030,90801586,2026-01-11,09:33:33,withdrawal,408.84
TXN0031,NaN,2026-03-10,10:17:21,deposit,331.41
TXN0032,77827638,2026-01-22,12:49:30,withdrawal,482.34
TXN0033,10872248,2026-03-11,11:39:42,withdrawal,202.20
TXN0034,36687537,2026-03-25,14:47:52,withdrawal,450.26
TXN0035,22575562,2026-01-16,12:30:46,deposit,36.22
TXN0036,95822412,2026-03-17,18:05:01,deposit,296.07
TXN0037,95822412,2026-01-10,09:04:18,deposit,37.90
TXN0038,24942603,2026-02-12,09:17:23,deposit,142.49
TXN0039,39345092,2026-01-28,17:48:59,deposit,362.92
TXN0040,47338124,2026-03-15,18:29:22,withdrawal,124.91
TXN0041,39345092,2026-02-22,11:27:58,deposit,52.53
TXN0042,13999315,2026-02-15,15:42:39,withdrawal,235.91
TXN0043,83140807,2026-01-07,09:47:29,deposit,204.00
TXN0044,89254563,2026-01-14,12:31:35,deposit,98.75
TXN0045,22575562,2026-01-18,15:40:48,deposit,142.52
TXN0046,23756669,2026-01-10,16:04:01,deposit,29.57
TXN0047,77827638,2026-01-02,09:41:52,deposit,86.91
TXN0048,39345092,2026-03-03,11:53:28,withdrawal,451.66
TXN0049,39958838,2026-02-18,08:02:21,withdrawal,135.91
TXN0050,39587039,2026-02-28,13:11:34,withdrawal,349.66
TXN0051,83140807,2026-03-13,16:51:34,deposit,98.59
TXN0052,28728463,2026-01-08,18:32:37,deposit,375.12
TXN0053,24942603,2026-01-07,18:38:04,withdrawal,253.66
TXN0054,89089901,2026-03-09,10:51:57,deposit,480.57
TXN0055,13356886,2026-01-24,09:14:50,deposit,339.07
TXN0056,23756669,2026-02-21,10:10:56,deposit,291.35
TXN0057,24942603,2026-03-21,09:29:32,withdrawal,330.23
TXN0058,90801586,2026-03-08,13:45:33,withdrawal,105.71
TXN0059,97226012,2026-02-10,12:20:42,withdrawal,200.61
TXN0060,36687537,2026-03-24,13:27:40,withdrawal,161.17
TXN0061,66306997,2026-01-10,08:10:10,withdrawal,312.28
TXN0062,90801586,2026-01-13,09:20:01,deposit,255.17
TXN0063,42868828,2026-02-14,09:15:08,deposit,187.60
TXN0064,39958838,2026-02-26,17:53:20,withdrawal,307.59
TXN0065,39587039,2026-03-25,17:37:44,deposit,335.43
TXN0066,77827638,2026-02-08,09:53:08,deposit,135.54
TXN0067,47338124,2026-01-14,18:04:16,deposit,139.45
TXN0068,,2026-01-27,14:14:31,deposit,345.15
TXN0069,89089901,2026-02-03,17:12:02,withdrawal,128.93
TXN0070,10872248,2026-01-07,09:40:48,withdrawal,415.44
TXN0071,24942603,2026-01-01,14:04:19,deposit,320.19
TXN0072,83197857,2026-01-21,16:02:36,withdrawal,282.43
TXN0073,46913810,2026-01-10,10:42:48,deposit,418.04
TXN0074,90801586,2026-03-12,10:41:45,withdrawal,67.65
TXN0075,21668732,2026-02-16,08:43:34,withdrawal,108.59
TXN0076,23756669,2026-03-27,09:52:16,withdrawal,391.05
TXN0077,47338124,2026-02-22,10:48:48,deposit,432.91
TXN0078,39587039,2026-01-23,15:30:20,deposit,93.37
TXN0079,10872248,2026-02-12,15:29:42,deposit,136.70
TXN0080,39587039,2026-03-31,09:58:04,withdrawal,436.66
TXN0081,89089901,2026-03-02,12:02:57,deposit,409.12
TXN0082,22575562,2026-02-14,13:33:20,deposit,114.96
TXN0083,36687537,2026-01-25,15:15:13,withdrawal,142.55
TXN0084,13356886,2026-02-05,14:23:32,withdrawal,341.20
TXN0085,70291817,2026-03-10,14:01:42,deposit,61.65
TXN0086,83197857,2026-01-23,18:34:09,withdrawal,23.46
TXN0087,13561597,2026-02-25,14:17:34,withdrawal,220.73
TXN0088,41227216,2026-01-15,15:00:44,deposit,130.72
TXN0089,97226012,2026-02-25,08:01:50,deposit,184.97
TXN0090,13356886,2026-03-27,14:00:39,withdrawal,333.21
TXN0091,46913810,2026-02-08,17:13:54,withdrawal,334.95
TXN0092,89254563,2026-02-21,13:22:56,deposit,99.56
TXN0093,36687537,2026-02-18,11:10:05,withdrawal,205.71
TXN0094,,2026-01-01,13:31:54,withdrawal,108.65
TXN0095,39587039,2026-03-16,13:51:58,withdrawal,223.40
TXN0096,36687537,2026-01-28,17:18:20,withdrawal,397.80
TXN0097,39587039,2026-01-22,09:32:37,withdrawal,259.91
TXN0098,85329037,2026-03-21,14:06:06,deposit,410.03
TXN0099,66306997,2026-01-31,13:39:03,deposit,404.15
TXN0100,42868828,2026-01-04,08:50:28,deposit,492.04
